VIF(x1)=9.7318
VIF(x2)=9.7207
VIF(x3)=1.0153
OLS_coef=[2.061093775308515, -1.0825061996506828, 0.5025528862859644]
Ridge_coef=[1.9267064351932326, -0.9492445512055785, 0.5053918571213637]
Lasso_coef=[0.9862508192025432, -0.0, 0.4882214838667913]
