alphas=[0.01, 0.1, 1.0, 10.0, 50.0]
mean_scores=[-1.207416059901856, -1.2074049718037465, -1.2073231185813567, -1.2090589300045047, -1.2473652068071996]
best_alpha=1.0
