poly_coeffs(deg2)=[1.1773393548076672, 0.5634640917574486, 0.9226980768306458]
roc_auc=0.794196
